所有Sheet名称： ['工管181', '工管182', '造价181', '造价182', '统计173', '安全171', 'Sheet1']

DataFrame: df
总行数：60
总列数：4

所有数据：
      序号  速度/(mile/h)   CO%       HC%
0    1.0         9.98  0.27  0.000027
1    2.0        10.97  0.22  0.000022
2    3.0        15.40  0.30  0.000030
3    4.0        15.69  0.03  0.000003
4    5.0        16.44  0.21  0.000021
5    6.0        17.11  0.89  0.000089
6    7.0        18.66  0.19  0.000019
7    8.0        19.04  0.79  0.000079
8    9.0        20.29  0.08  0.000008
9   10.0        21.52  0.07  0.000007
10  11.0        23.41  1.61  0.000161
11  12.0        24.82  0.77  0.000077
12  13.0        25.15  0.76  0.000076
13  14.0        26.35  1.91  0.000191
14  15.0        27.02  0.40  0.000040
15  16.0        27.62  0.06  0.000006
16  17.0        29.90  0.36  0.000036
17  18.0        30.04  0.18  0.000018
18  19.0        30.67  0.58  0.000058
19  20.0        31.99  0.12  0.000012
20  21.0        34.97  1.02  0.000102
21  22.0        35.10  0.53  0.000053
22  23.0        35.94  1.11  0.000111
23  24.0        36.98  0.29  0.000029
24  25.0        37.69  1.67  0.000167
25  26.0        37.90  0.62  0.000062
26  27.0        38.74  0.27  0.000027
27  28.0        40.58  0.09  0.000009
28  29.0        41.63  0.30  0.000030
29  30.0        42.12  0.54  0.000054
30  31.0        43.22  0.32  0.000032
31  32.0        44.20  0.29  0.000029
32  33.0        45.05  0.39  0.000039
33  34.0        46.59  0.79  0.000079
34  35.0        47.06  0.73  0.000073
35  36.0        47.51  0.54  0.000054
36  37.0        47.86  0.07  0.000007
37  38.0        48.92  0.33  0.000033
38  39.0        49.78  0.43  0.000043
39  40.0        49.81  0.55  0.000055
40  41.0        50.50  0.72  0.000072
41  42.0        50.52  0.21  0.000021
42  43.0        51.48  0.18  0.000018
43  44.0        52.18  0.61  0.000061
44  45.0        52.87  0.92  0.000092
45  46.0        53.25  0.19  0.000019
46  47.0        53.62  0.44  0.000044
47  48.0        54.32  0.22  0.000022
48  49.0        55.19  0.34  0.000034
49  50.0        56.07  0.49  0.000049
50  51.0        56.33  0.15  0.000015
51  52.0        56.56  0.76  0.000076
52  53.0        58.29  0.12  0.000012
53  54.0        58.75  0.12  0.000012
54  55.0        59.44  0.35  0.000035
55  56.0        61.40  0.83  0.000083
56  57.0        62.00  0.21  0.000021
57  58.0        63.65  0.35  0.000035
58  59.0        67.11  0.35  0.000035
59  60.0        76.68  0.47  0.000047
DataFrame
所有Sheet名称： ['工管181', '工管182', '造价181', '造价182', '统计173', '安全171', 'Sheet1 (2)']

DataFrame: df1
总行数：30
总列数：3

所有数据：
    时间/s  速度/(mile/h)  距离/ft
0      1           35     51
1      2           35    103
2      3           35    154
3      4           35    205
4      5           35    257
5      6           35    308
6      7           35    359
7      8           35    411
8      9           35    462
9     10           35    513
10    11           35    565
11    12           35    616
12    13           35    667
13    14           35    719
14    15           35    770
15    16           35    821
16    17           35    873
17    18           35    924
18    19           35    975
19    20           35   1027
20    21           35   1078
21    22           35   1129
22    23           35   1181
23    24           35   1232
24    25           35   1283
25    26           35   1335
26    27           35   1386
27    28           35   1437
28    29           35   1489
29    30           35   1540
DataFrame

DataFrame: df2
总行数：30
总列数：3

所有数据：
    时间/s.1  速度/(mile/h).1  距离/ft.1
0        1             42       62
1        2             41      122
2        3             40      180
3        4             39      238
4        5             38      293
5        6             38      349
6        7             37      403
7        8             36      456
8        9             35      507
9       10             34      557
10      11             33      606
11      12             32      653
12      13             31      698
13      14             30      742
14      15             30      786
15      16             30      830
16      17             29      873
17      18             29      915
18      19             30      959
19      20             31     1005
20      21             32     1052
21      22             33     1100
22      23             34     1150
23      24             35     1201
24      25             36     1254
25      26             37     1308
26      27             38     1364
27      28             39     1421
28      29             40     1480
29      30             41     1540
DataFrame